WR
########################################

Our

367.618,478.068,322.58,465.117,481.811,463.23,478.351,478.677,466.145,478.968,482.314,463.484,479.988,480.691,495.706,478.782,488.612,555.937,188.679,486.74,601.955

IOZONE

368.231,461,459.225,310,463.6,452.348,353.77,419.2,474.66,400.87,436.11,439.22,412.12,415.43,450.25,470.08,414.65,410.67,461.938,371.2,323


RR
#########################################

Our

344.82,357.143,416.66,344.828,400,416.66,357.143,416.667,416.667,384,437.793,431.226,399.674,422.641,427.096,418.421,418.576,429.652,400,416.667,416.667

IOZONE

243.06,335,405.229,323,399.1,419.483,412.86,430.72,425.35,309.55,457.89,450.45,446.64,470.87,456.65,440.48,465.04,467.93,408.548,418.066,385


W
##########################################

Our

344,357,416.667,344.82,400,416.66,357.143,416.667,416.667,370.37,434.384,433.916,399.032,417.996,435.006,418.58,420.031,428.776,400,416.66,416.667


IOZONE

346,367,409,342.25,397.501,416.157,349.86,416.36,490.78,371.87,422.56,440.65,391.24,417.34,480.09,406.34,440.89,470.56,411.206,416.405,386.39


R
##########################################


Our

344,357,416.667,344.82,400,416.66,357.143,416.667,416.667,370.37,434.384,433.916,399.032,417.996,435.006,418.58,420.031,428.776,400,416.66,416.667

IOZONE

346,367,409,342.25,397.501,416.157,349.86,416.36,490.78,371.87,422.56,440.65,391.24,417.34,480.09,406.34,440.89,470.56,411.206,416.405,386.39



RR 4K
##########################################

Our

27392,49152,33792,53504,69376,73984,85760

IOZONE

8518,16190,29513.6,50300.5,57301,65803.38,81441.3

WR 4K
##########################################

Our

23808,43064,56278.53,69044.48,69011.968,69120,69222

IOZONE

23376.81,44345,56850.92,67232.5,48330.16,65770.79,66282.32





